                                SEISMO GROUND ACCELERATION SIGNAL
-----------------------------------------------------------------------------------------------
Note:
Signal's time step should be the same that the specified in the initial global parameters file.
-----------------------------------------------------------------------------------------------
0.00000
0.62831
1.25660
1.88484
2.51301
3.14108
3.76902
4.39681
5.02443
5.65185
6.27905
6.90600
7.53268
8.15906
8.78512
9.41083
10.03617
10.66112
11.28564
11.90972
12.53332
13.15644
13.77903
14.40108
15.02256
15.64345
16.26372
16.88334
17.50231
18.12058
18.73813
19.35495
19.97100
20.58626
21.20071
21.81432
22.42708
23.03894
23.64990
24.25992
24.86899
25.47707
26.08415
26.69020
27.29519
27.89911
28.50193
29.10362
29.70416
30.30353
30.90170
31.49865
32.09436
32.68880
33.28195
33.87379
34.46429
35.05343
35.64119
36.22754
36.81246
37.39592
37.97791
38.55840
39.13737
39.71479
40.29064
40.86491
41.43756
42.00857
42.57793
43.14560
43.71158
44.27582
44.83832
45.39905
45.95799
46.51511
47.07039
47.62382
48.17537
48.72501
49.27273
49.81851
50.36232
50.90414
51.44395
51.98173
52.51746
53.05112
53.58268
54.11213
54.63943
55.16459
55.68756
56.20834
56.72689
57.24321
57.75727
58.26905
58.77853
59.28568
59.79050
60.29295
60.79303
61.29071
61.78596
62.27878
62.76914
63.25702
63.74240
64.22527
64.70560
65.18337
65.65858
66.13119
66.60119
67.06856
67.53328
67.99534
68.45471
68.91138
69.36533
69.81654
70.26500
70.71068
71.15357
71.59365
72.03090
72.46531
72.89686
73.32553
73.75131
74.17418
74.59411
75.01111
75.42514
75.83619
76.24425
76.64930
77.05132
77.45031
77.84623
78.23908
78.62884
79.01550
79.39904
79.77944
80.15670
80.53079
80.90170
81.26942
81.63393
81.99521
82.35326
82.70806
83.05959
83.40784
83.75280
84.09446
84.43279
84.76779
85.09945
85.42774
85.75267
86.07420
86.39234
86.70707
87.01838
87.32625
87.63067
87.93163
88.22912
88.52313
88.81364
89.10065
89.38414
89.66410
89.94053
90.21340
90.48271
90.74844
91.01060
91.26916
91.52412
91.77546
92.02318
92.26727
92.50772
92.74452
92.97765
93.20711
93.43289
93.65499
93.87339
94.08808
94.29905
94.50631
94.70983
94.90961
95.10565
95.29793
95.48645
95.67121
95.85218
96.02937
96.20277
96.37237
96.53816
96.70015
96.85832
97.01266
97.16317
97.30985
97.45269
97.59168
97.72681
97.85809
97.98551
98.10905
98.22873
98.34452
98.45643
98.56446
98.66859
98.76883
98.86517
98.95761
99.04614
99.13076
99.21147
99.28826
99.36113
99.43008
99.49510
99.55620
99.61336
99.66659
99.71589
99.76125
99.80267
99.84016
99.87370
99.90329
99.92895
99.95066
99.96842
99.98224
99.99210
99.99803
100.00000
99.99803
99.99210
99.98224
99.96842
99.95066
99.92895
99.90329
99.87370
99.84016
99.80267
99.76125
99.71589
99.66659
99.61336
99.55620
99.49510
99.43008
99.36113
99.28826
99.21147
99.13076
99.04614
98.95761
98.86517
98.76883
98.66859
98.56446
98.45643
98.34452
98.22873
98.10905
97.98551
97.85809
97.72681
97.59168
97.45269
97.30985
97.16317
97.01266
96.85832
96.70015
96.53816
96.37237
96.20277
96.02937
95.85218
95.67121
95.48645
95.29793
95.10565
94.90961
94.70983
94.50631
94.29905
94.08808
93.87339
93.65499
93.43289
93.20711
92.97765
92.74452
92.50772
92.26727
92.02318
91.77546
91.52412
91.26916
91.01060
90.74844
90.48271
90.21340
89.94053
89.66410
89.38414
89.10065
88.81364
88.52313
88.22912
87.93163
87.63067
87.32625
87.01838
86.70707
86.39234
86.07420
85.75267
85.42774
85.09945
84.76779
84.43279
84.09446
83.75280
83.40784
83.05959
82.70806
82.35326
81.99521
81.63393
81.26942
80.90170
80.53079
80.15670
79.77944
79.39904
79.01550
78.62884
78.23908
77.84623
77.45031
77.05132
76.64930
76.24425
75.83619
75.42514
75.01111
74.59411
74.17418
73.75131
73.32553
72.89686
72.46531
72.03090
71.59365
71.15357
70.71068
70.26500
69.81654
69.36533
68.91138
68.45471
67.99534
67.53328
67.06856
66.60119
66.13119
65.65858
65.18337
64.70560
64.22527
63.74240
63.25702
62.76914
62.27878
61.78596
61.29071
60.79303
60.29295
59.79050
59.28568
58.77853
58.26905
57.75727
57.24321
56.72689
56.20834
55.68756
55.16459
54.63943
54.11213
53.58268
53.05112
52.51746
51.98173
51.44395
50.90414
50.36232
49.81851
49.27273
48.72501
48.17537
47.62382
47.07039
46.51511
45.95799
45.39905
44.83832
44.27582
43.71158
43.14560
42.57793
42.00857
41.43756
40.86491
40.29064
39.71479
39.13737
38.55840
37.97791
37.39592
36.81246
36.22754
35.64119
35.05343
34.46429
33.87379
33.28195
32.68880
32.09436
31.49865
30.90170
30.30353
29.70416
29.10362
28.50193
27.89911
27.29519
26.69020
26.08415
25.47707
24.86899
24.25992
23.64990
23.03894
22.42708
21.81432
21.20071
20.58626
19.97100
19.35495
18.73813
18.12058
17.50231
16.88334
16.26372
15.64345
15.02256
14.40108
13.77903
13.15644
12.53332
11.90972
11.28564
10.66112
10.03617
9.41083
8.78512
8.15906
7.53268
6.90600
6.27905
5.65185
5.02443
4.39681
3.76902
3.14108
2.51301
1.88484
1.25660
0.62831
0.00000
-0.62831
-1.25660
-1.88484
-2.51301
-3.14108
-3.76902
-4.39681
-5.02443
-5.65185
-6.27905
-6.90600
-7.53268
-8.15906
-8.78512
-9.41083
-10.03617
-10.66112
-11.28564
-11.90972
-12.53332
-13.15644
-13.77903
-14.40108
-15.02256
-15.64345
-16.26372
-16.88334
-17.50231
-18.12058
-18.73813
-19.35495
-19.97100
-20.58626
-21.20071
-21.81432
-22.42708
-23.03894
-23.64990
-24.25992
-24.86899
-25.47707
-26.08415
-26.69020
-27.29519
-27.89911
-28.50193
-29.10362
-29.70416
-30.30353
-30.90170
-31.49865
-32.09436
-32.68880
-33.28195
-33.87379
-34.46429
-35.05343
-35.64119
-36.22754
-36.81246
-37.39592
-37.97791
-38.55840
-39.13737
-39.71479
-40.29064
-40.86491
-41.43756
-42.00857
-42.57793
-43.14560
-43.71158
-44.27582
-44.83832
-45.39905
-45.95799
-46.51511
-47.07039
-47.62382
-48.17537
-48.72501
-49.27273
-49.81851
-50.36232
-50.90414
-51.44395
-51.98173
-52.51746
-53.05112
-53.58268
-54.11213
-54.63943
-55.16459
-55.68756
-56.20834
-56.72689
-57.24321
-57.75727
-58.26905
-58.77853
-59.28568
-59.79050
-60.29295
-60.79303
-61.29071
-61.78596
-62.27878
-62.76914
-63.25702
-63.74240
-64.22527
-64.70560
-65.18337
-65.65858
-66.13119
-66.60119
-67.06856
-67.53328
-67.99534
-68.45471
-68.91138
-69.36533
-69.81654
-70.26500
-70.71068
-71.15357
-71.59365
-72.03090
-72.46531
-72.89686
-73.32553
-73.75131
-74.17418
-74.59411
-75.01111
-75.42514
-75.83619
-76.24425
-76.64930
-77.05132
-77.45031
-77.84623
-78.23908
-78.62884
-79.01550
-79.39904
-79.77944
-80.15670
-80.53079
-80.90170
-81.26942
-81.63393
-81.99521
-82.35326
-82.70806
-83.05959
-83.40784
-83.75280
-84.09446
-84.43279
-84.76779
-85.09945
-85.42774
-85.75267
-86.07420
-86.39234
-86.70707
-87.01838
-87.32625
-87.63067
-87.93163
-88.22912
-88.52313
-88.81364
-89.10065
-89.38414
-89.66410
-89.94053
-90.21340
-90.48271
-90.74844
-91.01060
-91.26916
-91.52412
-91.77546
-92.02318
-92.26727
-92.50772
-92.74452
-92.97765
-93.20711
-93.43289
-93.65499
-93.87339
-94.08808
-94.29905
-94.50631
-94.70983
-94.90961
-95.10565
-95.29793
-95.48645
-95.67121
-95.85218
-96.02937
-96.20277
-96.37237
-96.53816
-96.70015
-96.85832
-97.01266
-97.16317
-97.30985
-97.45269
-97.59168
-97.72681
-97.85809
-97.98551
-98.10905
-98.22873
-98.34452
-98.45643
-98.56446
-98.66859
-98.76883
-98.86517
-98.95761
-99.04614
-99.13076
-99.21147
-99.28826
-99.36113
-99.43008
-99.49510
-99.55620
-99.61336
-99.66659
-99.71589
-99.76125
-99.80267
-99.84016
-99.87370
-99.90329
-99.92895
-99.95066
-99.96842
-99.98224
-99.99210
-99.99803
-100.00000
-99.99803
-99.99210
-99.98224
-99.96842
-99.95066
-99.92895
-99.90329
-99.87370
-99.84016
-99.80267
-99.76125
-99.71589
-99.66659
-99.61336
-99.55620
-99.49510
-99.43008
-99.36113
-99.28826
-99.21147
-99.13076
-99.04614
-98.95761
-98.86517
-98.76883
-98.66859
-98.56446
-98.45643
-98.34452
-98.22873
-98.10905
-97.98551
-97.85809
-97.72681
-97.59168
-97.45269
-97.30985
-97.16317
-97.01266
-96.85832
-96.70015
-96.53816
-96.37237
-96.20277
-96.02937
-95.85218
-95.67121
-95.48645
-95.29793
-95.10565
-94.90961
-94.70983
-94.50631
-94.29905
-94.08808
-93.87339
-93.65499
-93.43289
-93.20711
-92.97765
-92.74452
-92.50772
-92.26727
-92.02318
-91.77546
-91.52412
-91.26916
-91.01060
-90.74844
-90.48271
-90.21340
-89.94053
-89.66410
-89.38414
-89.10065
-88.81364
-88.52313
-88.22912
-87.93163
-87.63067
-87.32625
-87.01838
-86.70707
-86.39234
-86.07420
-85.75267
-85.42774
-85.09945
-84.76779
-84.43279
-84.09446
-83.75280
-83.40784
-83.05959
-82.70806
-82.35326
-81.99521
-81.63393
-81.26942
-80.90170
-80.53079
-80.15670
-79.77944
-79.39904
-79.01550
-78.62884
-78.23908
-77.84623
-77.45031
-77.05132
-76.64930
-76.24425
-75.83619
-75.42514
-75.01111
-74.59411
-74.17418
-73.75131
-73.32553
-72.89686
-72.46531
-72.03090
-71.59365
-71.15357
-70.71068
-70.26500
-69.81654
-69.36533
-68.91138
-68.45471
-67.99534
-67.53328
-67.06856
-66.60119
-66.13119
-65.65858
-65.18337
-64.70560
-64.22527
-63.74240
-63.25702
-62.76914
-62.27878
-61.78596
-61.29071
-60.79303
-60.29295
-59.79050
-59.28568
-58.77853
-58.26905
-57.75727
-57.24321
-56.72689
-56.20834
-55.68756
-55.16459
-54.63943
-54.11213
-53.58268
-53.05112
-52.51746
-51.98173
-51.44395
-50.90414
-50.36232
-49.81851
-49.27273
-48.72501
-48.17537
-47.62382
-47.07039
-46.51511
-45.95799
-45.39905
-44.83832
-44.27582
-43.71158
-43.14560
-42.57793
-42.00857
-41.43756
-40.86491
-40.29064
-39.71479
-39.13737
-38.55840
-37.97791
-37.39592
-36.81246
-36.22754
-35.64119
-35.05343
-34.46429
-33.87379
-33.28195
-32.68880
-32.09436
-31.49865
-30.90170
-30.30353
-29.70416
-29.10362
-28.50193
-27.89911
-27.29519
-26.69020
-26.08415
-25.47707
-24.86899
-24.25992
-23.64990
-23.03894
-22.42708
-21.81432
-21.20071
-20.58626
-19.97100
-19.35495
-18.73813
-18.12058
-17.50231
-16.88334
-16.26372
-15.64345
-15.02256
-14.40108
-13.77903
-13.15644
-12.53332
-11.90972
-11.28564
-10.66112
-10.03617
-9.41083
-8.78512
-8.15906
-7.53268
-6.90600
-6.27905
-5.65185
-5.02443
-4.39681
-3.76902
-3.14108
-2.51301
-1.88484
-1.25660
-0.62831
0.00000
0.62831
1.25660
1.88484
2.51301
3.14108
3.76902
4.39681
5.02443
5.65185
6.27905
6.90600
7.53268
8.15906
8.78512
9.41083
10.03617
10.66112
11.28564
11.90972
12.53332
13.15644
13.77903
14.40108
15.02256
15.64345
16.26372
16.88334
17.50231
18.12058
18.73813
19.35495
19.97100
20.58626
21.20071
21.81432
22.42708
23.03894
23.64990
24.25992
24.86899
25.47707
26.08415
26.69020
27.29519
27.89911
28.50193
29.10362
29.70416
30.30353
30.90170
31.49865
32.09436
32.68880
33.28195
33.87379
34.46429
35.05343
35.64119
36.22754
36.81246
37.39592
37.97791
38.55840
39.13737
39.71479
40.29064
40.86491
41.43756
42.00857
42.57793
43.14560
43.71158
44.27582
44.83832
45.39905
45.95799
46.51511
47.07039
47.62382
48.17537
48.72501
49.27273
49.81851
50.36232
50.90414
51.44395
51.98173
52.51746
53.05112
53.58268
54.11213
54.63943
55.16459
55.68756
56.20834
56.72689
57.24321
57.75727
58.26905
58.77853
59.28568
59.79050
60.29295
60.79303
61.29071
61.78596
62.27878
62.76914
63.25702
63.74240
64.22527
64.70560
65.18337
65.65858
66.13119
66.60119
67.06856
67.53328
67.99534
68.45471
68.91138
69.36533
69.81654
70.26500
70.71068
71.15357
71.59365
72.03090
72.46531
72.89686
73.32553
73.75131
74.17418
74.59411
75.01111
75.42514
75.83619
76.24425
76.64930
77.05132
77.45031
77.84623
78.23908
78.62884
79.01550
79.39904
79.77944
80.15670
80.53079
80.90170
81.26942
81.63393
81.99521
82.35326
82.70806
83.05959
83.40784
83.75280
84.09446
84.43279
84.76779
85.09945
85.42774
85.75267
86.07420
86.39234
86.70707
87.01838
87.32625
87.63067
87.93163
88.22912
88.52313
88.81364
89.10065
89.38414
89.66410
89.94053
90.21340
90.48271
90.74844
91.01060
91.26916
91.52412
91.77546
92.02318
92.26727
92.50772
92.74452
92.97765
93.20711
93.43289
93.65499
93.87339
94.08808
94.29905
94.50631
94.70983
94.90961
95.10565
95.29793
95.48645
95.67121
95.85218
96.02937
96.20277
96.37237
96.53816
96.70015
96.85832
97.01266
97.16317
97.30985
97.45269
97.59168
97.72681
97.85809
97.98551
98.10905
98.22873
98.34452
98.45643
98.56446
98.66859
98.76883
98.86517
98.95761
99.04614
99.13076
99.21147
99.28826
99.36113
99.43008
99.49510
99.55620
99.61336
99.66659
99.71589
99.76125
99.80267
99.84016
99.87370
99.90329
99.92895
99.95066
99.96842
99.98224
99.99210
99.99803
100.00000
99.99803
99.99210
99.98224
99.96842
99.95066
99.92895
99.90329
99.87370
99.84016
99.80267
99.76125
99.71589
99.66659
99.61336
99.55620
99.49510
99.43008
99.36113
99.28826
99.21147
99.13076
99.04614
98.95761
98.86517
98.76883
98.66859
98.56446
98.45643
98.34452
98.22873
98.10905
97.98551
97.85809
97.72681
97.59168
97.45269
97.30985
97.16317
97.01266
96.85832
96.70015
96.53816
96.37237
96.20277
96.02937
95.85218
95.67121
95.48645
95.29793
95.10565
94.90961
94.70983
94.50631
94.29905
94.08808
93.87339
93.65499
93.43289
93.20711
92.97765
92.74452
92.50772
92.26727
92.02318
91.77546
91.52412
91.26916
91.01060
90.74844
90.48271
90.21340
89.94053
89.66410
89.38414
89.10065
88.81364
88.52313
88.22912
87.93163
87.63067
87.32625
87.01838
86.70707
86.39234
86.07420
85.75267
85.42774
85.09945
84.76779
84.43279
84.09446
83.75280
83.40784
83.05959
82.70806
82.35326
81.99521
81.63393
81.26942
80.90170
80.53079
80.15670
79.77944
79.39904
79.01550
78.62884
78.23908
77.84623
77.45031
77.05132
76.64930
76.24425
75.83619
75.42514
75.01111
74.59411
74.17418
73.75131
73.32553
72.89686
72.46531
72.03090
71.59365
71.15357
70.71068
70.26500
69.81654
69.36533
68.91138
68.45471
67.99534
67.53328
67.06856
66.60119
66.13119
65.65858
65.18337
64.70560
64.22527
63.74240
63.25702
62.76914
62.27878
61.78596
61.29071
60.79303
60.29295
59.79050
59.28568
58.77853
58.26905
57.75727
57.24321
56.72689
56.20834
55.68756
55.16459
54.63943
54.11213
53.58268
53.05112
52.51746
51.98173
51.44395
50.90414
50.36232
49.81851
49.27273
48.72501
48.17537
47.62382
47.07039
46.51511
45.95799
45.39905
44.83832
44.27582
43.71158
43.14560
42.57793
42.00857
41.43756
40.86491
40.29064
39.71479
39.13737
38.55840
37.97791
37.39592
36.81246
36.22754
35.64119
35.05343
34.46429
33.87379
33.28195
32.68880
32.09436
31.49865
30.90170
30.30353
29.70416
29.10362
28.50193
27.89911
27.29519
26.69020
26.08415
25.47707
24.86899
24.25992
23.64990
23.03894
22.42708
21.81432
21.20071
20.58626
19.97100
19.35495
18.73813
18.12058
17.50231
16.88334
16.26372
15.64345
15.02256
14.40108
13.77903
13.15644
12.53332
11.90972
11.28564
10.66112
10.03617
9.41083
8.78512
8.15906
7.53268
6.90600
6.27905
5.65185
5.02443
4.39681
3.76902
3.14108
2.51301
1.88484
1.25660
0.62831
0.00000
-0.62831
-1.25660
-1.88484
-2.51301
-3.14108
-3.76902
-4.39681
-5.02443
-5.65185
-6.27905
-6.90600
-7.53268
-8.15906
-8.78512
-9.41083
-10.03617
-10.66112
-11.28564
-11.90972
-12.53332
-13.15644
-13.77903
-14.40108
-15.02256
-15.64345
-16.26372
-16.88334
-17.50231
-18.12058
-18.73813
-19.35495
-19.97100
-20.58626
-21.20071
-21.81432
-22.42708
-23.03894
-23.64990
-24.25992
-24.86899
-25.47707
-26.08415
-26.69020
-27.29519
-27.89911
-28.50193
-29.10362
-29.70416
-30.30353
-30.90170
-31.49865
-32.09436
-32.68880
-33.28195
-33.87379
-34.46429
-35.05343
-35.64119
-36.22754
-36.81246
-37.39592
-37.97791
-38.55840
-39.13737
-39.71479
-40.29064
-40.86491
-41.43756
-42.00857
-42.57793
-43.14560
-43.71158
-44.27582
-44.83832
-45.39905
-45.95799
-46.51511
-47.07039
-47.62382
-48.17537
-48.72501
-49.27273
-49.81851
-50.36232
-50.90414
-51.44395
-51.98173
-52.51746
-53.05112
-53.58268
-54.11213
-54.63943
-55.16459
-55.68756
-56.20834
-56.72689
-57.24321
-57.75727
-58.26905
-58.77853
-59.28568
-59.79050
-60.29295
-60.79303
-61.29071
-61.78596
-62.27878
-62.76914
-63.25702
-63.74240
-64.22527
-64.70560
-65.18337
-65.65858
-66.13119
-66.60119
-67.06856
-67.53328
-67.99534
-68.45471
-68.91138
-69.36533
-69.81654
-70.26500
-70.71068
-71.15357
-71.59365
-72.03090
-72.46531
-72.89686
-73.32553
-73.75131
-74.17418
-74.59411
-75.01111
-75.42514
-75.83619
-76.24425
-76.64930
-77.05132
-77.45031
-77.84623
-78.23908
-78.62884
-79.01550
-79.39904
-79.77944
-80.15670
-80.53079
-80.90170
-81.26942
-81.63393
-81.99521
-82.35326
-82.70806
-83.05959
-83.40784
-83.75280
-84.09446
-84.43279
-84.76779
-85.09945
-85.42774
-85.75267
-86.07420
-86.39234
-86.70707
-87.01838
-87.32625
-87.63067
-87.93163
-88.22912
-88.52313
-88.81364
-89.10065
-89.38414
-89.66410
-89.94053
-90.21340
-90.48271
-90.74844
-91.01060
-91.26916
-91.52412
-91.77546
-92.02318
-92.26727
-92.50772
-92.74452
-92.97765
-93.20711
-93.43289
-93.65499
-93.87339
-94.08808
-94.29905
-94.50631
-94.70983
-94.90961
-95.10565
-95.29793
-95.48645
-95.67121
-95.85218
-96.02937
-96.20277
-96.37237
-96.53816
-96.70015
-96.85832
-97.01266
-97.16317
-97.30985
-97.45269
-97.59168
-97.72681
-97.85809
-97.98551
-98.10905
-98.22873
-98.34452
-98.45643
-98.56446
-98.66859
-98.76883
-98.86517
-98.95761
-99.04614
-99.13076
-99.21147
-99.28826
-99.36113
-99.43008
-99.49510
-99.55620
-99.61336
-99.66659
-99.71589
-99.76125
-99.80267
-99.84016
-99.87370
-99.90329
-99.92895
-99.95066
-99.96842
-99.98224
-99.99210
-99.99803
-100.00000
-99.99803
-99.99210
-99.98224
-99.96842
-99.95066
-99.92895
-99.90329
-99.87370
-99.84016
-99.80267
-99.76125
-99.71589
-99.66659
-99.61336
-99.55620
-99.49510
-99.43008
-99.36113
-99.28826
-99.21147
-99.13076
-99.04614
-98.95761
-98.86517
-98.76883
-98.66859
-98.56446
-98.45643
-98.34452
-98.22873
-98.10905
-97.98551
-97.85809
-97.72681
-97.59168
-97.45269
-97.30985
-97.16317
-97.01266
-96.85832
-96.70015
-96.53816
-96.37237
-96.20277
-96.02937
-95.85218
-95.67121
-95.48645
-95.29793
-95.10565
-94.90961
-94.70983
-94.50631
-94.29905
-94.08808
-93.87339
-93.65499
-93.43289
-93.20711
-92.97765
-92.74452
-92.50772
-92.26727
-92.02318
-91.77546
-91.52412
-91.26916
-91.01060
-90.74844
-90.48271
-90.21340
-89.94053
-89.66410
-89.38414
-89.10065
-88.81364
-88.52313
-88.22912
-87.93163
-87.63067
-87.32625
-87.01838
-86.70707
-86.39234
-86.07420
-85.75267
-85.42774
-85.09945
-84.76779
-84.43279
-84.09446
-83.75280
-83.40784
-83.05959
-82.70806
-82.35326
-81.99521
-81.63393
-81.26942
-80.90170
-80.53079
-80.15670
-79.77944
-79.39904
-79.01550
-78.62884
-78.23908
-77.84623
-77.45031
-77.05132
-76.64930
-76.24425
-75.83619
-75.42514
-75.01111
-74.59411
-74.17418
-73.75131
-73.32553
-72.89686
-72.46531
-72.03090
-71.59365
-71.15357
-70.71068
-70.26500
-69.81654
-69.36533
-68.91138
-68.45471
-67.99534
-67.53328
-67.06856
-66.60119
-66.13119
-65.65858
-65.18337
-64.70560
-64.22527
-63.74240
-63.25702
-62.76914
-62.27878
-61.78596
-61.29071
-60.79303
-60.29295
-59.79050
-59.28568
-58.77853
-58.26905
-57.75727
-57.24321
-56.72689
-56.20834
-55.68756
-55.16459
-54.63943
-54.11213
-53.58268
-53.05112
-52.51746
-51.98173
-51.44395
-50.90414
-50.36232
-49.81851
-49.27273
-48.72501
-48.17537
-47.62382
-47.07039
-46.51511
-45.95799
-45.39905
-44.83832
-44.27582
-43.71158
-43.14560
-42.57793
-42.00857
-41.43756
-40.86491
-40.29064
-39.71479
-39.13737
-38.55840
-37.97791
-37.39592
-36.81246
-36.22754
-35.64119
-35.05343
-34.46429
-33.87379
-33.28195
-32.68880
-32.09436
-31.49865
-30.90170
-30.30353
-29.70416
-29.10362
-28.50193
-27.89911
-27.29519
-26.69020
-26.08415
-25.47707
-24.86899
-24.25992
-23.64990
-23.03894
-22.42708
-21.81432
-21.20071
-20.58626
-19.97100
-19.35495
-18.73813
-18.12058
-17.50231
-16.88334
-16.26372
-15.64345
-15.02256
-14.40108
-13.77903
-13.15644
-12.53332
-11.90972
-11.28564
-10.66112
-10.03617
-9.41083
-8.78512
-8.15906
-7.53268
-6.90600
-6.27905
-5.65185
-5.02443
-4.39681
-3.76902
-3.14108
-2.51301
-1.88484
-1.25660
-0.62831
0.00000
0.62831
1.25660
1.88484
2.51301
3.14108
3.76902
4.39681
5.02443
5.65185
6.27905
6.90600
7.53268
8.15906
8.78512
9.41083
10.03617
10.66112
11.28564
11.90972
12.53332
13.15644
13.77903
14.40108
15.02256
15.64345
16.26372
16.88334
17.50231
18.12058
18.73813
19.35495
19.97100
20.58626
21.20071
21.81432
22.42708
23.03894
23.64990
24.25992
24.86899
25.47707
26.08415
26.69020
27.29519
27.89911
28.50193
29.10362
29.70416
30.30353
30.90170
31.49865
32.09436
32.68880
33.28195
33.87379
34.46429
35.05343
35.64119
36.22754
36.81246
37.39592
37.97791
38.55840
39.13737
39.71479
40.29064
40.86491
41.43756
42.00857
42.57793
43.14560
43.71158
44.27582
44.83832
45.39905
45.95799
46.51511
47.07039
47.62382
48.17537
48.72501
49.27273
49.81851
50.36232
50.90414
51.44395
51.98173
52.51746
53.05112
53.58268
54.11213
54.63943
55.16459
55.68756
56.20834
56.72689
57.24321
57.75727
58.26905
58.77853
59.28568
59.79050
60.29295
60.79303
61.29071
61.78596
62.27878
62.76914
63.25702
63.74240
64.22527
64.70560
65.18337
65.65858
66.13119
66.60119
67.06856
67.53328
67.99534
68.45471
68.91138
69.36533
69.81654
70.26500
70.71068
71.15357
71.59365
72.03090
72.46531
72.89686
73.32553
73.75131
74.17418
74.59411
75.01111
75.42514
75.83619
76.24425
76.64930
77.05132
77.45031
77.84623
78.23908
78.62884
79.01550
79.39904
79.77944
80.15670
80.53079
80.90170
81.26942
81.63393
81.99521
82.35326
82.70806
83.05959
83.40784
83.75280
84.09446
84.43279
84.76779
85.09945
85.42774
85.75267
86.07420
86.39234
86.70707
87.01838
87.32625
87.63067
87.93163
88.22912
88.52313
88.81364
89.10065
89.38414
89.66410
89.94053
90.21340
90.48271
90.74844
91.01060
91.26916
91.52412
91.77546
92.02318
92.26727
92.50772
92.74452
92.97765
93.20711
93.43289
93.65499
93.87339
94.08808
94.29905
94.50631
94.70983
94.90961
95.10565
95.29793
95.48645
95.67121
95.85218
96.02937
96.20277
96.37237
96.53816
96.70015
96.85832
97.01266
97.16317
97.30985
97.45269
97.59168
97.72681
97.85809
97.98551
98.10905
98.22873
98.34452
98.45643
98.56446
98.66859
98.76883
98.86517
98.95761
99.04614
99.13076
99.21147
99.28826
99.36113
99.43008
99.49510
99.55620
99.61336
99.66659
99.71589
99.76125
99.80267
99.84016
99.87370
99.90329
99.92895
99.95066
99.96842
99.98224
99.99210
99.99803
100.00000
99.99803
99.99210
99.98224
99.96842
99.95066
99.92895
99.90329
99.87370
99.84016
99.80267
99.76125
99.71589
99.66659
99.61336
99.55620
99.49510
99.43008
99.36113
99.28826
99.21147
99.13076
99.04614
98.95761
98.86517
98.76883
98.66859
98.56446
98.45643
98.34452
98.22873
98.10905
97.98551
97.85809
97.72681
97.59168
97.45269
97.30985
97.16317
97.01266
96.85832
96.70015
96.53816
96.37237
96.20277
96.02937
95.85218
95.67121
95.48645
95.29793
95.10565
94.90961
94.70983
94.50631
94.29905
94.08808
93.87339
93.65499
93.43289
93.20711
92.97765
92.74452
92.50772
92.26727
92.02318
91.77546
91.52412
91.26916
91.01060
90.74844
90.48271
90.21340
89.94053
89.66410
89.38414
89.10065
88.81364
88.52313
88.22912
87.93163
87.63067
87.32625
87.01838
86.70707
86.39234
86.07420
85.75267
85.42774
85.09945
84.76779
84.43279
84.09446
83.75280
83.40784
83.05959
82.70806
82.35326
81.99521
81.63393
81.26942
80.90170
80.53079
80.15670
79.77944
79.39904
79.01550
78.62884
78.23908
77.84623
77.45031
77.05132
76.64930
76.24425
75.83619
75.42514
75.01111
74.59411
74.17418
73.75131
73.32553
72.89686
72.46531
72.03090
71.59365
71.15357
70.71068
70.26500
69.81654
69.36533
68.91138
68.45471
67.99534
67.53328
67.06856
66.60119
66.13119
65.65858
65.18337
64.70560
64.22527
63.74240
63.25702
62.76914
62.27878
61.78596
61.29071
60.79303
60.29295
59.79050
59.28568
58.77853
58.26905
57.75727
57.24321
56.72689
56.20834
55.68756
55.16459
54.63943
54.11213
53.58268
53.05112
52.51746
51.98173
51.44395
50.90414
50.36232
49.81851
49.27273
48.72501
48.17537
47.62382
47.07039
46.51511
45.95799
45.39905
44.83832
44.27582
43.71158
43.14560
42.57793
42.00857
41.43756
40.86491
40.29064
39.71479
39.13737
38.55840
37.97791
37.39592
36.81246
36.22754
35.64119
35.05343
34.46429
33.87379
33.28195
32.68880
32.09436
31.49865
30.90170
30.30353
29.70416
29.10362
28.50193
27.89911
27.29519
26.69020
26.08415
25.47707
24.86899
24.25992
23.64990
23.03894
22.42708
21.81432
21.20071
20.58626
19.97100
19.35495
18.73813
18.12058
17.50231
16.88334
16.26372
15.64345
15.02256
14.40108
13.77903
13.15644
12.53332
11.90972
11.28564
10.66112
10.03617
9.41083
8.78512
8.15906
7.53268
6.90600
6.27905
5.65185
5.02443
4.39681
3.76902
3.14108
2.51301
1.88484
1.25660
0.62831
0.00000