                  NODAL STATIC LOADS INFORMATION FILE
NODE        Fx          Fy          Fz          Mx          My          Mz
4           100.0       0.0         0.0         0.0         0.0         0.0
7           100.0       0.0         0.0         0.0         0.0         0.0
8           100.0       0.0         0.0         0.0         0.0         0.0
11          100.0       0.0         0.0         0.0         0.0         0.0
12          100.0       0.0         0.0         0.0         0.0         0.0
15          100.0       0.0         0.0         0.0         0.0         0.0




